1731369588.470780,0
1731369588.577363,4
1731369588.679698,10
1731369588.783200,15
1731369588.886934,26
1731369588.990415,36
1731369589.094190,41
1731369589.197282,52
1731369589.311112,58
1731369589.414207,69
1731369589.516849,76
1731369589.619617,82
1731369589.724389,89
1731369589.828620,95
1731369589.931562,100
1731369590.035221,100
1731369590.138593,99
1731369590.242342,99
1731369590.345807,99
1731369590.448811,100
1731369590.552210,100
1731369590.657127,99
1731369590.759604,100
1731369590.863754,100
1731369590.966456,100
1731369591.070258,100
1731369591.173448,99
1731369591.276042,100
1731369591.380492,100
1731369591.506190,100
1731369591.609684,100
1731369591.712193,99
1731369591.814840,100
1731369591.919991,100
1731369592.025724,100
1731369592.128057,100
1731369592.231047,98
1731369592.336483,99
1731369592.446619,100
1731369592.549779,99
1731369592.653223,99
1731369592.755638,99
1731369592.859715,98
1731369592.962807,96
1731369593.065862,92
1731369593.171082,93
1731369593.274472,97
1731369593.377722,99
1731369593.481886,99
1731369593.584044,99
1731369593.732637,99
1731369593.838621,97
1731369593.946434,96
1731369594.049415,97
1731369594.153446,97
1731369594.258126,99
1731369594.363150,96
1731369594.465759,94
1731369594.570903,95
1731369594.673589,97
1731369594.776178,97
1731369594.880943,97
1731369595.016742,100
1731369595.120649,97
1731369595.225720,100
1731369595.328243,96
1731369595.436284,99
1731369595.539582,98
1731369595.643350,97
1731369595.747255,96
1731369595.852701,95
1731369595.957215,98
1731369596.060129,98
1731369596.168439,98
1731369596.271148,98
1731369596.376189,97
1731369596.481347,99
1731369596.584809,100
1731369596.687479,99
1731369596.790712,100
1731369596.893898,98
1731369596.997709,97
1731369597.100934,95
1731369597.205647,100
1731369597.317922,96
1731369597.424193,91
1731369597.529715,85
1731369597.635479,81
1731369597.740909,82
1731369597.845515,83
1731369597.951674,83
1731369598.055237,83
1731369598.158412,86
1731369598.262104,82
1731369598.365670,82
1731369598.469311,84
1731369598.572134,84
1731369598.675883,82
1731369598.782588,76
1731369598.885823,71
1731369598.989525,64
1731369599.097084,57
1731369599.199377,53
1731369599.303331,46
1731369599.407157,41
1731369599.514061,44
1731369599.617356,42
1731369599.722725,40
1731369599.826016,40
1731369599.930192,38
1731369600.035622,37
1731369600.143665,36
1731369600.246466,35
1731369600.349169,36
1731369600.454800,37
1731369600.561218,36
1731369600.663947,33
1731369600.766494,34
1731369600.870173,35
1731369600.973076,35
1731369601.075841,35
1731369601.181380,34
1731369601.284535,37
1731369601.388181,36
1731369601.491149,36
1731369601.593539,34
1731369601.695935,36
1731369601.798689,34
1731369601.902212,35
1731369602.006894,36
1731369602.110610,35
1731369602.213504,34
1731369602.316866,35
1731369602.419383,33
1731369602.522130,35
1731369602.631270,34
1731369602.735687,34
1731369602.841199,36
1731369602.944598,34
1731369603.047233,36
1731369603.149888,35
1731369603.255774,36
1731369603.360950,32
1731369603.465894,31
1731369603.569252,31
1731369603.672698,31
1731369603.775877,28
1731369603.878017,27
1731369604.058933,28
1731369604.162047,27
1731369604.264834,27
1731369604.367558,26
1731369604.479296,25
1731369604.582841,26
1731369604.686820,25
1731369604.789176,25
1731369604.893047,26
1731369604.995148,26
1731369605.099417,25
1731369605.203439,27
1731369605.305779,27
1731369605.408650,27
1731369605.514408,26
1731369605.625131,27
1731369605.731148,26
1731369605.835176,27
1731369605.938667,27
1731369606.041747,27
1731369606.145472,27
1731369606.248148,27
1731369606.351661,27
1731369606.455178,28
1731369606.557723,28
1731369606.670679,27
1731369606.773325,26
1731369606.875643,26
1731369606.980895,27
1731369607.083848,28
1731369607.186550,27
1731369607.289786,28
1731369607.392097,27
1731369607.495338,29
1731369607.598765,27
1731369607.703555,28
1731369607.806134,28
1731369607.913711,28
1731369608.016409,27
1731369608.119265,28
1731369608.224200,28
1731369608.327525,29
1731369608.430624,29
1731369608.534086,28
1731369608.637208,29
1731369608.742110,29
1731369608.850159,31
1731369608.953241,31
1731369609.061368,31
1731369609.164688,31
1731369609.267506,30
1731369609.370597,38
1731369609.475321,38
1731369609.578122,37
1731369609.682313,38
1731369609.785628,37
1731369609.888374,37
1731369610.005904,36
1731369610.112636,37
1731369610.215259,36
1731369610.318385,37
1731369610.426898,37
1731369610.530449,37
1731369610.634025,38
1731369610.737213,37
1731369610.840037,38
1731369610.942724,37
1731369611.045336,38
1731369611.148176,38
1731369611.251017,39
1731369611.353472,39
1731369611.461300,38
1731369611.565923,38
1731369611.669766,39
1731369611.772469,39
1731369611.883529,39
1731369611.986101,40
1731369612.092090,40
1731369612.195778,40
1731369612.299775,40
1731369612.402812,40
1731369612.506373,40
1731369612.609459,42
1731369612.712429,41
1731369612.816192,41
1731369612.919547,42
1731369613.023463,41
1731369613.126980,41
1731369613.230061,42
1731369613.332504,42
1731369613.435450,41
1731369613.542611,42
1731369613.644822,42
1731369613.747297,41
1731369613.850969,42
1731369613.957881,43
1731369614.060323,43
1731369614.162828,42
1731369614.268973,43
1731369614.372580,43
1731369614.475138,43
1731369614.578013,43
1731369614.680795,42
1731369614.783348,42
1731369614.885944,42
1731369614.989164,42
1731369615.093171,43
1731369615.195380,37
1731369615.298974,36
1731369615.403740,36
1731369615.506136,35
1731369615.611044,37
1731369615.715033,37
1731369615.817414,37
1731369615.922342,36
1731369616.025161,36
1731369616.127807,35
1731369616.230336,35
1731369616.333535,35
1731369616.436706,36
1731369616.539639,35
1731369616.642340,36
1731369616.744805,36
1731369616.849779,36
1731369616.955581,35
1731369617.058534,36
1731369617.161765,36
1731369617.265558,36
1731369617.369188,36
1731369617.476425,35
1731369617.579368,37
1731369617.687420,36
1731369617.790568,37
1731369617.892712,37
1731369617.995677,36
1731369618.100006,37
1731369618.204150,37
1731369618.307009,36
1731369618.410499,36
1731369618.515091,37
1731369618.618869,37
1731369618.723690,37
1731369618.827350,38
1731369618.931561,38
1731369619.034111,38
1731369619.137995,37
1731369619.241472,38
1731369619.344759,38
1731369619.447726,37
1731369619.550499,38
1731369619.652587,38
1731369619.755349,38
1731369619.857754,38
1731369619.966101,38
1731369620.170543,38
1731369620.273179,38
1731369620.378680,40
1731369620.481433,40
1731369620.588284,40
1731369620.690944,39
1731369620.793714,40
1731369620.899704,40
1731369621.004176,39
1731369621.108672,46
1731369621.211533,46
1731369621.314766,46
1731369621.417216,46
1731369621.523158,46
1731369621.626966,48
1731369621.729640,47
1731369621.837697,46
1731369621.939945,46
1731369622.047187,47
1731369622.150251,47
1731369622.253285,45
1731369622.360784,46
1731369622.463620,46
1731369622.566392,47
1731369622.670207,47
1731369622.772503,46
1731369622.876840,47
1731369622.979473,47
1731369623.083042,48
1731369623.186344,49
1731369623.288985,48
1731369623.391765,47
1731369623.494607,47
1731369623.598135,48
1731369623.700215,48
1731369623.803027,48
1731369623.906561,48
1731369624.009243,47
1731369624.111606,48
1731369624.215054,48
1731369624.317606,48
1731369624.421187,48
1731369624.524722,48
1731369624.628237,49
1731369624.734039,49
1731369624.837420,50
1731369624.939469,50
1731369625.044482,51
1731369625.147892,49
1731369625.251258,50
1731369625.354603,50
1731369625.457529,50
1731369625.561578,50
1731369625.664510,50
1731369625.767921,50
1731369625.871327,50
1731369625.973721,50
1731369626.076215,50
1731369626.178915,50
1731369626.281507,51
1731369626.383955,51
1731369626.488097,51
1731369626.590667,52
1731369626.693697,52
1731369626.796296,53
1731369626.899480,52
1731369627.002185,51
1731369627.105219,52
1731369627.208989,51
1731369627.312128,52
1731369627.414788,51
1731369627.517821,51
1731369627.620584,51
1731369627.725160,50
1731369627.828620,51
1731369627.931177,52
1731369628.033599,52
1731369628.136764,45
1731369628.240407,45
1731369628.343998,45
1731369628.447113,45
1731369628.549922,45
1731369628.652423,45
1731369628.756053,45
1731369628.858441,45
1731369628.960626,44
1731369629.063040,44
1731369629.166230,44
1731369629.275247,43
1731369629.378559,44
1731369629.482191,43
1731369629.587660,45
1731369629.691377,45
1731369629.794711,44
1731369629.896965,44
1731369629.999850,44
1731369630.102633,45
1731369630.208662,45
1731369630.311076,45
1731369630.413594,45
1731369630.517989,45
1731369630.622924,45
1731369630.730583,45
1731369630.833516,45
1731369630.936095,45
1731369631.045139,46
1731369631.151583,45
1731369631.254709,46
1731369631.357724,46
1731369631.460821,46
1731369631.566168,46
1731369631.668319,46
1731369631.770797,46
1731369631.873620,46
1731369631.975935,46
1731369632.078999,46
1731369632.181783,46
1731369632.284229,46
1731369632.387671,46
1731369632.490990,46
1731369632.593150,47
1731369632.696092,47
1731369632.798753,46
1731369632.902803,46
1731369633.005077,47
1731369633.107548,47
1731369633.211540,46
1731369633.314510,47
1731369633.418000,47
1731369633.523309,47
1731369633.627354,48
1731369633.734824,47
1731369633.838264,47
1731369633.940574,47
1731369634.045420,47
1731369634.147631,48
1731369634.250826,48
1731369634.354724,48
1731369634.457293,48
1731369634.560494,48
1731369634.663402,49
1731369634.767746,48
1731369634.870388,48
1731369634.973541,48
1731369635.081583,48
1731369635.187686,48
1731369635.290859,48
1731369635.393568,47
1731369635.495986,48
1731369635.599860,48
1731369635.702353,49
1731369635.805139,49
1731369635.907871,49
1731369636.013475,49
1731369636.118900,48
1731369636.224296,50
1731369636.327540,49
1731369636.433969,49
1731369636.539246,49
1731369636.641659,49
1731369636.745648,49
1731369636.848467,50
1731369636.951060,49
1731369637.054581,49
1731369637.157325,49
1731369637.263658,50
1731369637.366272,50
1731369637.470578,50
1731369637.573530,50
1731369637.675870,51
1731369637.778647,50
1731369637.882027,50
1731369637.985425,50
1731369638.090636,50
1731369638.193427,50
1731369638.295796,51
1731369638.399450,50
1731369638.502189,50
1731369638.605028,50
1731369638.707365,50
1731369638.811892,50
1731369638.915061,51
1731369639.017185,51
1731369639.119968,50
1731369639.223177,51
1731369639.328497,51
1731369639.435112,51
1731369639.537445,51
1731369639.639632,50
1731369639.743153,51
1731369639.847775,51
1731369639.950773,51
1731369640.054765,51
1731369640.157539,52
1731369640.263031,50
1731369640.366062,51
1731369640.473167,52
1731369640.575902,52
1731369640.679160,51
1731369640.781521,52
1731369640.884412,52
1731369640.987717,52
1731369641.090844,52
1731369641.193708,52
